LEVEL_1:
30 30 30 30 30 30 30 30 30 30 30 30 30 30 30 30 30 30 30 30 30 30 30 30 30 30 30 30 30 30 30 30 30 30 30 30 30 30 30 30
c0 17 40 00 00 00 00 00

LEVEL_2:
30 30 30 30 30 30 30 30 30 30 30 30 30 30 30 30 30 30 30 30 30 30 30 30 30 30 30 30 30 30 30 30 30 30 30 30 30 30 30 30
b8 dc 61 55 00 00 00 00
fa 97 b9 59 00 00 00 00
ec 17 40 00 00 00 00 00
5f
c3

LEVEL_3:
5f
c3
35 39 62 39 39 37 66 61 00
30 30 30 30 30 30 30 30 30 30 30 30 30 30 30 30 30 30 30 30 30 30 30 30 30 30 30 30 30
78 dc 61 55 00 00 00 00
7a dc 61 55 00 00 00 00
fa 18 40 00 00 00 00 00

LEVEL_4:
30 30 30 30 30 30 30 30 30 30 30 30 30 30 30 30 30 30 30 30 30 30 30 30 30 30 30 30 30 30 30 30 30 30 30 30 30 30 30 30
ab 19 40 00 00 00 00 00
fa 97 b9 59 00 00 00 00
c5 19 40 00 00 00 00 00
ec 17 40 00 00 00 00 00